3.7946e-02 1.1059e+02 1.9519e+02 1.8964e+02 2.7547e+02 3.4840e+02 1.6995e+02
5.6609e-02 7.8676e+01 1.8595e+02 4.1139e+02 1.7628e+02 3.4856e+02 1.2940e+02
8.4451e-02 -5.8170e+01 1.0213e+02 -1.1198e+01 1.2017e+02 2.4601e+02 1.0137e+02
1.2599e-01 9.7708e+01 7.2210e+01 4.0381e+01 8.4489e+01 1.8397e+02 6.2109e+01
1.8795e-01 5.8584e+01 4.5782e+01 1.4856e+02 5.4948e+01 1.4229e+02 3.8489e+01
2.8039e-01 5.3141e+01 3.4222e+01 1.4960e+01 3.7091e+01 9.7307e+01 2.4908e+01
4.1829e-01 -1.7122e+01 2.1962e+01 1.0183e+02 2.1669e+01 8.6834e+01 1.7103e+01
6.2401e-01 4.5990e+01 1.4514e+01 4.6113e+01 1.4305e+01 7.9344e+01 1.0504e+01
9.3092e-01 3.7860e+01 9.7287e+00 4.1896e+01 9.8850e+00 3.6463e+01 7.2281e+00
1.3888e+00 2.7267e+01 6.4603e+00 2.7335e+01 5.9802e+00 2.8142e+01 3.9653e+00
2.0718e+00 1.6070e+01 3.8093e+00 2.1886e+01 4.0319e+00 2.2372e+01 3.0410e+00
3.0908e+00 1.1319e+01 2.9233e+00 5.8961e+00 3.0306e+00 1.3765e+01 1.9755e+00
4.6109e+00 4.0121e+00 1.6226e+00 3.3736e+00 1.7282e+00 4.1833e+00 1.3588e+00
6.8786e+00 3.3380e+00 1.1685e+00 4.2939e+00 1.1742e+00 1.9782e+00 8.4525e-01
